99006
38540
18133
70780
38316
61729
57462
91153
76573
76155
24171
10666
73383
86077
40710
58326
67654
64826
70235
66149
24077
46497
78959
49339
54141
96148
60258
23099
41307
65974
40769
65277
20836
12863
30718
65114
46146
14591
99705
64713
18767
50856
19757
89557
54062
69386
91224
68269
47118
49799
42535
69994
52436
24596
86843
96155
25680
10905
73049
35651
13185
47380
11526
22640
28081
91214
70299
69491
14166
44639
39531
29197
97941
89154
74726
42065
67812
17072
73245
11680
68304
98762
51469
93672
19665
16645
58364
92331
97903
86845
50676
75338
87166
89047
33371
90980
92511
47738
81003
87425
86444
24802
26115
89747
46823
70790
45381
71680
56603
20721
54715
70245
95000
61672
69277
18422
89751
82454
18812
12403
51380
70840
56957
80981
42793
40184
75791
54948
25442
88023
34476
73955
40956
59337
84175
61172
20032
11394
89416
58763
71522
41390
89374
45927
13265
19150
82687
44626
44561
97948
14766
38684
74001
75864
65366
53729
90293
37726
70804
10158
46905
71830
26957
62648
16278
72223
68493
63124
39953
46199
51574
56997
15042
29355
32667
91910
45361
57209
21891
69835
94443
55059
15688
32147
86293
34923
44962
82598
40003
13023
27866
67002
91012
66044
33331
83739
46420
94463
89002
11437
22418
21411
32217
88031
35905
35647
51955
74030
81468
43969
46194
85098
19106
39507
49298
46755
65761
77565
99407
71358
40988
15235
85560
22336
30214
33528
65883
28514
54235
40814
30738
23352
74158
74379
13703
65060
98105
63511
14335
95359
88133
95532
51153
14718
13804
91397
43643
76512
64507
56558
94652
80650
56524
97034
78284
63253
70398
20457
38983
80593
32158
15099
78903
62941
11803
49738
27243
93339
68583
46703
66461
50187
15890
52412
88293
44630
85179
52028
84567
19950
51147
34362
83960
17612
44656
33483
51670
96300
95240
21850
52441
32254
68525
74508
80323
65300
24288
66066
16209
29819
74036
62630
34134
46966
73363
95916
21327
37034
80617
24686
25133
93810
68870
38845
41953
76876
20112
91690
12865
35744
49085
86030
88533
43415
34986
99785
91725
30670
94247
96381
59252
17282
45938
79072
55769
78572
87331
60162
71125
40031
52638
44289
63865
18898
95301
22055
53205
28323
90363
89953
73798
45863
98470
71795
33778
98946
21994
30707
51523
71441
33909
10691
29496
42230
68830
79249
44218
79729
32224
30279
38608
45483
32047
70586
76474
32742
98317
42335
65316
81775
96023
12721
73700
79390
90694
91565
86422
92810
74624
68037
28396
89780
30962
23460
77012
21031
66950
65128
28012
57394
98281
77495
74936
91250
91241
91314
88290
20940
94073
27646
60072
24487
93468
34827
42629
72808
67231
47920
95716
14507
38335
59119
27496
49592
59259
14976
32138
49659
11006
27301
59332
91052
63614
13512
85275
19247
40663
92257
68520
87435
59634
48762
37318
49411
34658
35706
93123
17924
87196
57740
22830
51620
75848
14772
18592
66676
44102
47056
86148
40518
41596
78037
35795
18723
93797
97671
23699
97919
16785
62616
15930
82441
32656
77413
72752
25097
19543
75318
19415
20997
35202
72538
44842
28326
17462
42990
20421
17182
49471
31823
90999
52439
47746
50990
26573
38712
69067
36559
81690
52850
82635
76405
78056
77790
97566
91451
30371
31553
40103
96713
72241
21177
36285
60819
89533
52878
98899
21739
52895
24760
61257
59243
83626
73327
89469
38452
91111
19932
23814
11228
90008
71262
75116
21556
67613
18819
16596
60189
91775
82183
82671
27814
56740
23120
57467
46686
75851
43651
97125
49136
91337
94434
32403
41731
27543
74801
14902
99047
66749
76240
72198
95888
32500
86753
15649
56086
15311
37803
53060
51967
17354
10055
34244
21231
59489
13639
34062
83983
93647
53687
70194
98944
13991
87843
74448
52799
75944
42844
96272
17838
26081
45724
47237
21228
35856
93591
61212
61062
96064
75537
44059
81622
50667
97084
13169
57322
12130
82114
54596
47748
24302
39283
44310
82822
79286
78155
26900
97801
62797
80367
52103
43130
28888
73180
82035
25627
10869
37552
84907
34645
61338
83990
11269
79295
43221
86001
34108
95413
19964
82521
60781
57794
12298
84216
36509
82594
32516
50254
35816
60865
61952
53399
77087
96779
13853
22933
58086
21436
50170
86579
26267
77545
43670
21175
87781
52791
48617
96403
67474
98932
46899
79574
30104
76149
70412
33000
59971
88217
15130
56015
54238
35684
88659
40206
81346
35433
84398
64460
32488
77815
61406
93879
33472
86621
31585
92665
51965
99377
20257
79455
44861
94931
34821
34053
35378
99445
30344
68931
57795
51592
52107
44792
81960
93395
53268
30699
44246
71363
84318
50198
58232
76277
22162
77444
77344
84109
64076
56650
69278
78847
81571
44644
90621
59174
43079
46349
69355
67085
66194
91560
96434
57896
12385
13553
39494
33031
84179
76823
78648
49568
13913
13779
19801
53472
54951
78858
33043
66269
69674
56156
15052
74147
16337
57835
35937
79379
37535
48559
72941
13143
98319
21984
52205
37942
30925
85946
29975
16606
10354
43214
75801
85088
23246
14264
97821
90143
43233
19501
62214
70520
98507
57062
19520
45602
22321
58654
40844
99926
27878
92982
24451
24960
78368
73870
64409
68720
84679
85561
61418
23592
79447
79307
43133
67547
25054
18090
42348
53062
12477
32590
43150
90232
54157
10397
40228
10069
82220
51061
24569
92802
21675
55904
32060
99313
64724
41313
92841
48903
32705
29306
12758
92611
37798
72934
17322
31246
42506
91039
41966
37154
80080
25042
63465
51158
71697
68447
59005
72699
77876
32324
80836
79063
92346
98008
52358
61687
19947
57697
81721
46459
25740
78645
80369
33120
86551
79500
87802
96810
63959
36968
56795
12699
80955
54674
89734
56820
33215
51005
54487
40303
89364
99804
47249
13318
71579
42237
10936
94920
97531
55195
37609
32421
86247
75761
92502
24793
79928
61966
54823
12390
98087
28305
11694
25773
10237
53818
90140
16877
70440
20425
31119
64934
41053
59199
96208
47865
72676
36328
87171
33085
29549
16365
21309
78146
77480
33026
78593
51671
24897
66982
10601
90805
98801
69006
87117
51999
69463
79838
87352
70793
65518
63083
14321
71218
68794
61356
29130
50008
75342
22229
43553
56266
26755
43604
69206
83729
97816
74873
96518
26091
35139
77138
63035
90356
64708
68272
87370
81179
91200
68973
44889
56893
28208
16017
33656
95864
85836
94113
38652
59247
64534
83964
15724
55105
13237
34736
95583
34797
47199
20631
