28305
91683
49738
13081
55879
73383
59629
56589
52850
36285
76277
30707
93797
24033
50187
65150
30707
52850
11694
71125
19630
93335
47746
29442
95451
29849
88293
57809
66225
82114
84109
79459
39953
96208
30707
50745
36285
81775
90954
86029
78959
44136
47746
74726
80955
30707
49972
75801
94704
57324
91397
50187
94924
56660
95067
75541
75049
30636
91039
82698
61356
49738
78959
17601
24121
38947
56815
64519
11598
11827
65456
97770
39589
67313
62661
57417
40982
26967
20609
79249
94322
25205
55108
47746
81775
69048
31379
50187
65233
79249
93797
48071
34605
94911
43535
44540
54481
98087
30707
53074
36285
51147
76277
63773
81775
54357
40553
21755
12660
25637
73383
32502
47746
49279
80955
20285
24379
81055
71141
50187
52850
30006
80955
75183
45433
68802
61356
15120
67654
11694
29242
43439
31785
60125
16414
79249
96208
97531
73030
39442
96208
29669
91039
12473
75801
40228
11428
49738
79249
51147
15646
16481
52850
40844
71125
67654
52850
97531
85744
95339
21771
22746
30707
69687
15961
84109
27071
14353
61356
93853
11750
83594
93797
85961
81775
96117
90326
42508
82114
36285
91397
40228
87731
88293
69781
63879
23951
96035
76078
81775
11694
88124
77163
48243
56996
40228
37353
32287
11694
89879
47746
15950
84109
28305
13458
65548
40377
74726
75864
88293
82114
86085
76277
81364
88422
75801
78300
69583
22393
75801
49738
49799
82033
50187
76277
47746
73396
43873
49621
84109
61805
88293
76277
75470
24883
51147
12843
82603
55075
82342
61356
43253
75098
62422
98736
49738
47746
75864
68412
50187
62259
42322
75908
70538
49799
17703
91039
87050
60522
79249
98087
13939
12907
80063
11694
37998
61846
79646
81203
84109
76277
98087
71125
65472
89208
55747
97531
81775
52513
72857
65290
91039
35257
86932
11694
36285
49799
75864
36523
67295
81775
81390
52850
53968
67864
47746
44630
51308
83039
30707
70014
84109
28305
41389
76513
40844
76277
55019
75864
77305
61356
79249
14283
52268
30707
75801
68275
79249
26445
94812
75801
26757
76277
47935
87425
61356
49799
61818
22948
48072
26199
80898
10743
40844
75864
88293
83164
75801
75801
18205
38867
84251
49738
49799
88087
67584
56266
52850
14587
75864
75131
98591
18502
68172
62819
74323
95233
48095
42340
84109
93797
73087
95149
40844
80812
28305
37419
96842
75801
78959
56727
76277
40844
44630
40844
78959
11109
53918
70907
96208
23222
73383
12794
75864
98087
82137
53606
28630
59757
37599
33032
68219
99744
67654
93797
52028
55803
75335
11694
80955
46595
26699
37782
12721
77978
40844
91966
29130
32412
61356
84970
40228
98087
84109
54769
15123
70469
51377
77889
84109
71125
85683
30904
36285
92228
12721
60938
75876
51147
81810
11690
97587
74726
96191
75780
28305
71567
20940
34365
87425
73879
66787
77650
74726
71064
84109
61356
52329
66321
49146
53972
18748
28607
65350
91039
44630
82837
61356
93628
50135
40844
80873
71125
62486
67654
69144
43539
93556
82114
10568
25428
50369
84109
49738
93797
68790
50187
43459
84109
33697
23562
32387
47280
62911
40228
61356
52850
78955
43107
84109
49738
75864
51147
20026
61356
56479
80955
61356
17222
47746
51207
46009
97531
16534
28480
40844
97678
92823
96208
84654
20478
52850
49799
83899
96207
70318
79249
95321
32973
44578
84109
84109
49799
76277
30707
72499
70772
29213
67902
98087
84109
91481
76277
28310
87425
32653
47746
48086
74181
26300
22127
70386
51147
49799
97531
73630
28089
40228
95585
66827
50881
49799
76277
98603
78528
94830
39291
84044
79249
44630
92069
76277
11134
75864
40228
37007
76277
96208
91397
46791
75864
91996
51147
29851
85269
52850
76277
88634
71603
27829
63627
51147
69066
28757
18555
77670
81775
93797
49738
28305
59101
61356
93229
49378
48946
79249
48408
49738
67117
91039
71125
40844
78959
72682
50187
40844
79854
50187
37752
49738
70834
75801
49738
28305
11554
29272
79547
17772
75864
71125
31822
57967
68281
98087
44295
28305
98087
41211
80456
49738
18250
52028
79249
40228
28305
84109
96672
40228
95091
79249
52850
49515
52827
75356
47746
91039
34110
39055
98087
16648
46277
47746
63430
11694
62075
98087
11745
49186
49738
76496
11694
75864
81580
71125
88939
71941
97531
49799
86504
75864
15115
20872
28168
47235
85595
91039
27058
85302
21587
12678
84154
52890
73714
75864
69296
44675
98087
63562
47746
35044
76662
88293
39552
96208
68175
60399
89287
98087
42276
93460
63652
44752
16486
28305
45573
47746
62122
70443
16675
57833
56613
99154
56133
49357
60866
47746
50560
76277
85118
93797
93108
21865
48676
25800
77645
84109
88361
19091
39510
99948
76277
18403
79249
91039
96572
32815
75801
50187
84109
87467
67654
60828
56266
51324
81775
72416
75864
79249
30707
67654
52422
30707
51147
76175
79797
71125
42990
76277
52004
38942
93396
98425
77679
19068
65962
88101
42786
88293
42990
61959
42529
99125
59110
51147
80755
17365
80268
67285
87185
15806
71358
87425
66100
51147
80955
66978
85824
40704
18149
24430
11694
20525
81001
98999
95761
51363
25400
80955
52028
71125
96208
93240
88546
49349
90193
35981
18658
69254
25765
52028
53529
47756
52850
71095
99257
49799
55820
75425
51328
30707
85390
46509
70945
23863
92788
44941
79249
49799
52850
52028
45636
91120
61403
63921
32937
25655
52028
61356
49799
30225
69044
94265
11694
71883
91397
51147
74407
47746
74541
37237
21658
57210
40844
61785
40228
67654
11635
49799
47746
47746
30707
19530
15587
66426
23988
71358
96208
78728
72246
57550
54114
76394
31516
69506
79249
44630
36285
95657
52028
33686
50480
18338
87425
68560
52028
40844
40228
59999
93797
60286
90784
67654
98358
11694
47746
82114
52850
41396
27455
28885
76447
95865
11694
97060
36285
76277
55461
30707
96245
75864
51194
50041
30051
14953
72188
84109
57055
76277
91397
65269
96439
16064
43279
52850
55322
28549
99138
83521
87425
48785
11694
71358
32908
38186
87627
82946
18482
32396
14774
40844
56266
78349
75864
79249
90262
52850
56266
75864
21058
51826
42990
33412
51147
91039
49799
72502
30308
34275
36332
22962
91039
15695
40878
79587
14900
11694
40844
56266
96208
53663
75864
84834
67101
11694
90467
91039
11694
11694
91397
85476
52028
37615
66396
49735
40844
81775
40844
39592
40228
46979
71125
40228
56266
29130
28305
99523
12965
36285
88293
56266
